# relative_time, cycles_done, cur_path, paths_total, pending_total, pending_favs, map_size, unique_crashes, unique_hangs, max_depth, execs_per_sec, total_execs, edges_found
61, 0, 5, 25, 23, 7, 0.00%, 27, 0, 2, 168.86, 10719, 281
66, 0, 5, 25, 23, 7, 0.00%, 28, 0, 2, 178.44, 11619, 281
71, 0, 5, 25, 23, 7, 0.00%, 29, 0, 2, 177.74, 12555, 281
76, 0, 5, 25, 23, 7, 0.00%, 30, 0, 2, 155.88, 13347, 281
81, 0, 5, 25, 23, 7, 0.00%, 30, 0, 2, 163.98, 14151, 281
86, 0, 5, 25, 23, 7, 0.00%, 32, 0, 2, 177.47, 15054, 281
91, 0, 5, 25, 23, 7, 0.00%, 33, 0, 2, 183.25, 16005, 281
97, 0, 5, 26, 24, 7, 0.00%, 33, 0, 2, 184.29, 16946, 304
102, 0, 5, 26, 24, 7, 0.00%, 34, 0, 2, 166.08, 17801, 304
107, 0, 5, 26, 24, 7, 0.00%, 34, 0, 2, 163.48, 18596, 304
112, 0, 5, 26, 24, 7, 0.00%, 34, 0, 2, 179.06, 19532, 304
117, 0, 5, 26, 24, 7, 0.00%, 34, 0, 2, 180.49, 20471, 304
122, 0, 5, 26, 24, 7, 0.00%, 34, 0, 2, 181.28, 21407, 304
127, 0, 5, 27, 25, 7, 0.00%, 34, 0, 2, 186.50, 22348, 306
132, 0, 5, 27, 25, 7, 0.00%, 34, 0, 2, 180.85, 23236, 306
138, 0, 5, 27, 25, 7, 0.00%, 34, 0, 2, 175.12, 24127, 306
143, 0, 5, 27, 25, 7, 0.00%, 34, 0, 2, 179.57, 25039, 306
148, 0, 5, 27, 25, 7, 0.00%, 35, 0, 2, 170.50, 25915, 306
153, 0, 5, 28, 26, 7, 0.00%, 35, 0, 2, 168.30, 26760, 310
158, 0, 5, 29, 27, 7, 0.00%, 35, 0, 2, 177.66, 27656, 310
163, 0, 5, 29, 27, 7, 0.00%, 35, 0, 2, 160.21, 28442, 310
168, 0, 5, 29, 27, 7, 0.00%, 35, 0, 2, 162.89, 29246, 310
173, 0, 5, 29, 27, 7, 0.00%, 35, 0, 2, 170.33, 30125, 310
178, 0, 5, 29, 27, 7, 0.00%, 35, 0, 2, 161.36, 30956, 310
184, 0, 5, 29, 27, 7, 0.00%, 35, 0, 2, 150.98, 31730, 310
189, 0, 5, 29, 27, 7, 0.00%, 35, 0, 2, 150.49, 32489, 310
194, 0, 5, 29, 27, 7, 0.00%, 35, 0, 2, 154.91, 33289, 310
199, 0, 13, 29, 25, 19, 0.00%, 36, 0, 2, 167.41, 34128, 310
204, 0, 23, 30, 25, 18, 0.00%, 36, 0, 3, 153.23, 34931, 312
204, 0, 23, 30, 25, 18, 0.00%, 36, 0, 3, 26.32, 34940, 312
