# relative_time, cycles_done, cur_path, paths_total, pending_total, pending_favs, map_size, unique_crashes, unique_hangs, max_depth, execs_per_sec, total_execs, edges_found
61, 0, 0, 12, 12, 1, 0.03%, 24, 0, 2, 144.08, 9053, 2905
66, 0, 0, 12, 12, 1, 0.03%, 24, 0, 2, 140.39, 9773, 2905
71, 0, 0, 12, 12, 1, 0.03%, 24, 0, 2, 154.75, 10593, 2905
76, 0, 0, 12, 12, 1, 0.03%, 24, 0, 2, 155.81, 11409, 2905
82, 0, 0, 12, 12, 1, 0.03%, 24, 0, 2, 156.26, 12216, 2905
87, 0, 0, 12, 12, 1, 0.03%, 24, 0, 2, 161.52, 13059, 2905
92, 0, 0, 12, 12, 1, 0.03%, 24, 0, 2, 159.94, 13896, 2905
97, 0, 0, 12, 12, 1, 0.03%, 25, 0, 2, 161.99, 14739, 2905
102, 0, 0, 12, 12, 1, 0.03%, 25, 0, 2, 162.53, 15549, 2905
107, 0, 0, 12, 12, 1, 0.03%, 25, 0, 2, 160.36, 16356, 2905
113, 0, 0, 12, 12, 1, 0.03%, 25, 0, 2, 160.00, 17187, 2905
118, 0, 0, 12, 12, 1, 0.03%, 25, 0, 2, 159.91, 18021, 2905
123, 0, 0, 13, 13, 1, 0.03%, 25, 0, 2, 155.97, 18806, 2905
128, 0, 0, 13, 13, 1, 0.03%, 25, 0, 2, 159.31, 19604, 2905
133, 0, 0, 13, 13, 1, 0.03%, 25, 0, 2, 159.98, 20438, 2905
138, 0, 0, 13, 13, 1, 0.03%, 25, 0, 2, 158.50, 21260, 2905
143, 0, 0, 13, 13, 1, 0.03%, 25, 0, 2, 157.52, 22079, 2905
148, 0, 0, 14, 14, 1, 0.03%, 25, 0, 2, 156.29, 22861, 2905
154, 0, 0, 14, 14, 1, 0.03%, 25, 0, 2, 153.38, 23659, 2905
159, 0, 0, 15, 15, 1, 0.03%, 25, 0, 2, 156.03, 24468, 2905
164, 0, 0, 15, 15, 1, 0.03%, 25, 0, 2, 157.49, 25263, 2905
169, 0, 0, 16, 16, 1, 0.04%, 25, 0, 2, 159.99, 26096, 2982
174, 0, 0, 16, 16, 1, 0.04%, 25, 0, 2, 158.85, 26891, 2982
179, 0, 0, 16, 16, 1, 0.04%, 25, 0, 2, 157.68, 27707, 2982
184, 0, 0, 16, 16, 1, 0.04%, 25, 0, 2, 157.56, 28526, 2982
190, 0, 0, 16, 16, 1, 0.04%, 25, 0, 2, 161.99, 29372, 2982
195, 0, 0, 16, 16, 1, 0.04%, 25, 0, 2, 162.20, 30215, 2982
200, 0, 0, 16, 16, 1, 0.04%, 25, 0, 2, 161.68, 31022, 2982
205, 0, 0, 17, 17, 1, 0.04%, 25, 0, 2, 164.26, 31864, 2982
210, 0, 0, 17, 17, 1, 0.04%, 25, 0, 2, 160.48, 32674, 2982
215, 0, 8, 17, 16, 11, 0.04%, 26, 0, 2, 159.20, 33509, 2982
220, 0, 8, 26, 25, 11, 0.04%, 26, 0, 3, 175.20, 34420, 3032
226, 0, 8, 29, 28, 11, 0.04%, 26, 0, 3, 180.42, 35365, 3032
231, 0, 8, 30, 29, 11, 0.04%, 26, 0, 3, 183.71, 36321, 3036
236, 0, 8, 30, 29, 11, 0.04%, 26, 0, 3, 185.12, 37275, 3036
241, 0, 8, 30, 29, 11, 0.04%, 26, 0, 3, 176.50, 38154, 3036
246, 0, 9, 30, 28, 12, 0.04%, 26, 0, 3, 163.99, 38994, 3036
251, 0, 4, 30, 26, 10, 0.04%, 26, 0, 3, 164.87, 39834, 3036
256, 0, 6, 30, 25, 9, 0.04%, 26, 0, 3, 169.22, 40718, 3036
262, 0, 1, 30, 24, 8, 0.04%, 26, 0, 3, 175.06, 41628, 3036
267, 0, 15, 30, 23, 7, 0.04%, 26, 0, 3, 156.40, 42424, 3036
272, 0, 21, 30, 22, 6, 0.04%, 27, 0, 3, 156.56, 43245, 3036
277, 0, 23, 30, 21, 5, 0.04%, 27, 0, 3, 152.84, 44009, 3036
282, 0, 5, 30, 20, 4, 0.04%, 27, 0, 3, 162.15, 44838, 3036
287, 0, 12, 30, 19, 3, 0.04%, 27, 0, 3, 151.82, 45585, 3036
292, 0, 22, 30, 18, 2, 0.04%, 27, 0, 3, 161.57, 46421, 3036
297, 0, 8, 30, 17, 1, 0.04%, 27, 0, 3, 169.19, 47280, 3036
303, 0, 29, 31, 18, 1, 0.04%, 27, 0, 4, 155.82, 48106, 3036
308, 0, 1, 31, 17, 0, 0.04%, 27, 0, 4, 167.02, 48915, 3036
313, 0, 8, 31, 17, 0, 0.04%, 27, 0, 4, 173.96, 49827, 3036
318, 0, 8, 31, 17, 0, 0.04%, 27, 0, 4, 173.48, 50706, 3036
323, 0, 15, 31, 17, 0, 0.04%, 27, 0, 4, 156.05, 51468, 3036
328, 0, 7, 31, 17, 0, 0.04%, 27, 0, 4, 160.27, 52296, 3036
333, 0, 4, 31, 17, 0, 0.04%, 27, 0, 4, 173.78, 53175, 3036
338, 0, 8, 31, 17, 0, 0.04%, 27, 0, 4, 171.63, 54048, 3036
344, 0, 1, 31, 17, 0, 0.04%, 27, 0, 4, 180.72, 54954, 3036
349, 0, 8, 31, 17, 0, 0.04%, 27, 0, 4, 176.24, 55857, 3036
354, 0, 8, 31, 17, 0, 0.04%, 27, 0, 4, 168.65, 56685, 3036
359, 0, 8, 32, 18, 0, 0.04%, 27, 0, 4, 165.57, 57530, 3036
364, 0, 4, 32, 18, 0, 0.04%, 27, 0, 4, 163.70, 58361, 3036
369, 0, 4, 32, 18, 0, 0.04%, 27, 0, 4, 126.05, 58961, 3036
374, 0, 23, 32, 18, 0, 0.04%, 27, 0, 4, 120.74, 59568, 3036
379, 0, 12, 32, 18, 0, 0.04%, 27, 0, 4, 149.83, 60347, 3036
385, 0, 8, 32, 18, 0, 0.04%, 27, 0, 4, 163.72, 61169, 3036
390, 0, 8, 32, 18, 0, 0.04%, 27, 0, 4, 178.71, 62126, 3036
395, 0, 8, 32, 18, 0, 0.04%, 27, 0, 4, 190.40, 63101, 3036
400, 0, 5, 32, 18, 0, 0.04%, 27, 0, 4, 191.81, 64073, 3036
405, 1, 8, 32, 18, 0, 0.04%, 27, 0, 4, 189.98, 65027, 3036
410, 1, 12, 32, 18, 0, 0.04%, 27, 0, 4, 174.00, 65906, 3036
416, 1, 12, 32, 18, 0, 0.04%, 27, 0, 4, 163.15, 66737, 3036
421, 1, 8, 32, 18, 0, 0.04%, 27, 0, 4, 156.96, 67517, 3036
426, 1, 8, 32, 18, 0, 0.04%, 27, 0, 4, 180.99, 68495, 3036
431, 1, 8, 32, 18, 0, 0.04%, 27, 0, 4, 179.97, 69455, 3036
436, 1, 8, 32, 18, 0, 0.04%, 27, 0, 4, 180.56, 70409, 3036
441, 1, 22, 32, 18, 0, 0.04%, 27, 0, 4, 175.79, 71300, 3036
446, 1, 12, 32, 18, 0, 0.04%, 27, 0, 4, 169.49, 72176, 3036
451, 1, 8, 32, 18, 0, 0.04%, 27, 0, 4, 178.33, 73097, 3036
457, 1, 8, 32, 18, 0, 0.04%, 27, 0, 4, 190.72, 74060, 3036
462, 1, 8, 32, 18, 0, 0.04%, 27, 0, 4, 181.82, 74996, 3036
467, 1, 29, 32, 18, 0, 0.04%, 27, 0, 4, 178.14, 75890, 3036
472, 1, 8, 32, 18, 0, 0.04%, 27, 0, 4, 158.67, 76673, 3036
477, 1, 8, 32, 18, 0, 0.04%, 27, 0, 4, 181.14, 77645, 3036
482, 1, 12, 32, 18, 0, 0.04%, 27, 0, 4, 166.85, 78470, 3036
487, 1, 7, 32, 18, 0, 0.04%, 27, 0, 4, 168.52, 79316, 3036
492, 1, 6, 32, 18, 0, 0.04%, 27, 0, 4, 169.73, 80222, 3036
497, 1, 23, 32, 18, 0, 0.04%, 27, 0, 4, 174.60, 81119, 3036
502, 1, 8, 32, 18, 0, 0.04%, 27, 0, 4, 168.21, 81956, 3036
508, 1, 7, 32, 18, 0, 0.04%, 27, 0, 4, 180.49, 82916, 3036
513, 1, 8, 32, 18, 0, 0.04%, 27, 0, 4, 179.43, 83855, 3036
518, 1, 1, 32, 18, 0, 0.04%, 27, 0, 4, 187.04, 84836, 3036
523, 1, 22, 32, 18, 0, 0.04%, 27, 0, 4, 180.00, 85763, 3036
528, 1, 21, 32, 18, 0, 0.04%, 27, 0, 4, 183.62, 86711, 3036
534, 1, 21, 32, 18, 0, 0.04%, 27, 0, 4, 167.60, 87575, 3036
539, 1, 8, 32, 18, 0, 0.04%, 27, 0, 4, 163.21, 88392, 3036
544, 1, 12, 32, 18, 0, 0.04%, 27, 0, 4, 172.17, 89310, 3036
549, 1, 8, 32, 18, 0, 0.04%, 27, 0, 4, 166.51, 90159, 3036
554, 1, 12, 32, 18, 0, 0.04%, 27, 0, 4, 168.52, 91062, 3036
559, 1, 8, 32, 18, 0, 0.04%, 27, 0, 4, 165.71, 91902, 3036
564, 1, 1, 32, 18, 0, 0.04%, 27, 0, 4, 174.59, 92790, 3036
569, 2, 12, 32, 18, 0, 0.04%, 27, 0, 4, 173.09, 93657, 3036
574, 2, 8, 32, 18, 0, 0.04%, 27, 0, 4, 174.41, 94520, 3036
579, 2, 7, 32, 18, 0, 0.04%, 27, 0, 4, 187.67, 95475, 3036
584, 2, 1, 32, 18, 0, 0.04%, 27, 0, 4, 187.32, 96408, 3036
590, 2, 8, 32, 18, 0, 0.04%, 27, 0, 4, 178.70, 97272, 3036
595, 2, 6, 32, 18, 0, 0.04%, 27, 0, 4, 183.75, 98181, 3036
600, 2, 6, 32, 18, 0, 0.04%, 27, 0, 4, 176.38, 99063, 3036
605, 2, 8, 34, 20, 0, 0.04%, 28, 0, 4, 181.71, 99990, 3036
610, 2, 21, 34, 20, 0, 0.04%, 28, 0, 4, 163.85, 100801, 3036
615, 2, 8, 34, 20, 0, 0.04%, 28, 0, 4, 177.50, 101728, 3036
620, 2, 22, 34, 20, 0, 0.04%, 29, 0, 4, 183.15, 102655, 3036
625, 2, 22, 35, 21, 0, 0.04%, 29, 0, 4, 175.16, 103524, 3060
630, 2, 22, 36, 22, 0, 0.04%, 29, 0, 4, 173.48, 104399, 3060
635, 2, 22, 38, 24, 0, 0.04%, 29, 0, 4, 175.06, 105285, 3060
640, 2, 22, 39, 25, 0, 0.04%, 29, 0, 4, 174.12, 106160, 3060
645, 2, 22, 41, 27, 0, 0.04%, 29, 0, 4, 174.62, 107061, 3060
650, 2, 22, 41, 27, 0, 0.04%, 29, 0, 4, 174.79, 107964, 3060
656, 2, 22, 43, 29, 0, 0.04%, 29, 0, 4, 173.91, 108847, 3060
661, 2, 22, 43, 29, 0, 0.04%, 29, 0, 4, 173.14, 109714, 3060
666, 2, 22, 44, 30, 0, 0.04%, 29, 0, 4, 178.12, 110640, 3060
671, 2, 22, 44, 30, 0, 0.04%, 29, 0, 4, 178.40, 111540, 3060
676, 2, 22, 44, 30, 0, 0.04%, 29, 0, 4, 176.34, 112425, 3060
681, 2, 22, 44, 30, 0, 0.04%, 29, 0, 4, 180.47, 113367, 3060
686, 2, 22, 44, 30, 0, 0.04%, 29, 0, 4, 184.40, 114300, 3060
691, 2, 22, 44, 30, 0, 0.04%, 29, 0, 4, 184.41, 115215, 3060
696, 2, 22, 44, 30, 0, 0.04%, 29, 0, 4, 180.04, 116142, 3060
701, 2, 22, 44, 30, 0, 0.04%, 29, 0, 4, 165.73, 116961, 3060
707, 2, 22, 44, 30, 0, 0.04%, 29, 0, 4, 142.74, 117671, 3060
712, 2, 22, 45, 31, 0, 0.04%, 29, 0, 4, 151.78, 118430, 3060
717, 2, 22, 45, 31, 0, 0.04%, 29, 0, 4, 156.18, 119231, 3060
722, 2, 22, 45, 31, 0, 0.04%, 29, 0, 4, 150.25, 119996, 3060
727, 2, 22, 45, 31, 0, 0.04%, 29, 0, 4, 149.05, 120769, 3060
732, 2, 22, 45, 31, 0, 0.04%, 29, 0, 4, 155.71, 121550, 3060
737, 2, 22, 46, 32, 0, 0.04%, 29, 0, 4, 160.26, 122356, 3060
742, 2, 42, 46, 32, 2, 0.04%, 29, 0, 4, 155.22, 123136, 3060
747, 2, 42, 46, 32, 2, 0.04%, 29, 0, 4, 106.22, 123603, 3060
752, 2, 42, 47, 33, 2, 0.04%, 29, 0, 5, 120.11, 124225, 3060
756, 2, 42, 48, 34, 2, 0.04%, 29, 0, 5, 122.35, 124735, 3060
