# unix_time, cycles_done, cur_path, paths_total, pending_total, pending_favs, map_size, unique_crashes, unique_hangs, max_depth, execs_per_sec
1631709742, 0, 0, 2, 2, 2, 2.66%, 0, 0, 1, 0.00
1631709747, 0, 0, 45, 45, 2, 3.77%, 0, 0, 2, 1762.52
1631709752, 0, 0, 46, 46, 2, 3.77%, 0, 0, 2, 1784.31
1631709767, 0, 1, 46, 45, 29, 3.77%, 0, 0, 2, 1225.68
1631709772, 0, 4, 46, 44, 28, 3.77%, 0, 0, 2, 1296.35
1631709777, 0, 7, 46, 42, 26, 3.77%, 0, 0, 2, 1317.25
1631709782, 0, 9, 46, 40, 24, 3.77%, 0, 0, 2, 1318.91
1631709787, 0, 11, 46, 38, 21, 3.77%, 0, 0, 2, 1300.40
1631709793, 0, 16, 46, 34, 18, 3.77%, 0, 0, 2, 1237.02
1631709798, 0, 18, 46, 33, 17, 3.77%, 0, 0, 2, 1166.17
1631709803, 0, 20, 46, 31, 15, 3.77%, 0, 0, 2, 1181.51
1631709808, 0, 21, 46, 30, 14, 3.77%, 0, 0, 2, 1160.13
1631709813, 0, 26, 46, 28, 12, 3.77%, 0, 0, 2, 1188.60
1631709818, 0, 29, 46, 26, 10, 3.77%, 0, 0, 2, 1189.23
1631709823, 0, 30, 46, 25, 9, 3.77%, 0, 0, 2, 1123.95
1631709828, 0, 31, 46, 24, 8, 3.77%, 0, 0, 2, 1175.34
1631709833, 0, 35, 46, 21, 5, 3.77%, 0, 0, 2, 1209.08
1631709838, 0, 37, 46, 20, 4, 3.77%, 0, 0, 2, 1172.99
1631709843, 0, 45, 46, 17, 1, 3.77%, 0, 0, 2, 1186.75
1631709854, 1, 12, 48, 17, 0, 3.77%, 0, 0, 3, 1220.83
1631709859, 1, 14, 48, 17, 0, 3.77%, 0, 0, 3, 1189.67
1631709864, 1, 28, 48, 16, 0, 3.77%, 0, 0, 3, 1164.45
1631709874, 1, 28, 52, 20, 0, 3.77%, 0, 0, 3, 1161.40
1631709879, 1, 28, 55, 23, 0, 3.77%, 0, 0, 3, 1214.02
1631709894, 1, 28, 57, 25, 0, 3.77%, 0, 0, 3, 1175.87
1631709899, 1, 36, 57, 24, 0, 3.77%, 0, 0, 3, 1145.24
1631709904, 1, 39, 57, 23, 0, 3.77%, 0, 0, 3, 1145.63
1631709909, 1, 46, 57, 22, 0, 3.77%, 0, 0, 3, 1116.97
1631709920, 1, 52, 57, 21, 0, 3.77%, 0, 0, 3, 1095.63
1631709925, 1, 52, 61, 25, 0, 3.77%, 0, 0, 4, 1124.04
1631709930, 1, 52, 62, 26, 0, 3.77%, 0, 0, 4, 1112.99
1631709935, 1, 52, 64, 28, 0, 3.77%, 0, 0, 4, 1141.52
1631709940, 1, 52, 65, 29, 0, 3.77%, 0, 0, 4, 1142.71
1631709945, 1, 54, 66, 29, 0, 3.77%, 0, 0, 4, 1094.29
1631709950, 1, 54, 67, 30, 0, 3.77%, 0, 0, 4, 1094.60
1631709955, 1, 56, 67, 29, 0, 3.77%, 0, 0, 4, 1047.30
1631709975, 1, 56, 73, 35, 0, 3.77%, 0, 0, 4, 965.83
1631709996, 1, 62, 73, 34, 0, 3.77%, 0, 0, 4, 1012.06
1631710016, 1, 68, 73, 33, 0, 3.77%, 0, 0, 4, 958.27
1631710036, 1, 69, 73, 32, 0, 3.77%, 0, 0, 4, 950.32
1631710051, 2, 3, 73, 31, 0, 3.77%, 0, 0, 4, 1077.61
1631710056, 2, 17, 73, 30, 0, 3.77%, 0, 0, 4, 1212.49
1631710062, 2, 73, 74, 30, 1, 3.80%, 0, 0, 4, 638.33
